id,category,name,price,emotion,weather,image,restaurant_id
1,국밥,양평해장국,9000,"배고픔,기쁨,피곤,스트레스","맑음,구름,비,눈","menu/Restaurant object (1)/양평해장국.jpg",1
2,국밥,양평해장국(특),10000,"배고픔,기쁨,피곤,스트레스","맑음,구름,비,눈","menu/Restaurant object (1)/양평해장국특.jpg",1
3,국밥,뼈다귀해장국,10000,"배고픔,기쁨,피곤,스트레스","맑음,구름,비,눈","menu/Restaurant object (1)/뼈다귀해장국.jpg",1
4,국밥,얼큰순대국,9000,"배고픔,기쁨,피곤,스트레스","맑음,구름,비,눈","menu/Restaurant object (1)/얼큰순대국.jpg",1
5,국밥,내장탕,13000,"배고픔,기쁨,피곤,스트레스","맑음,구름,비,눈","menu/Restaurant object (1)/내장탕.jpg",1
6,국밥,육개장,7000,"배고픔,기쁨,피곤,스트레스","맑음,구름,비,눈","menu/Restaurant object (1)/육개장.jpg",1
7,고기,곱창전골(대),48000,"배고픔,기쁨,피곤,스트레스","구름,황사","menu/Restaurant object (1)/곱창전골대.jpg",1
8,고기,곱창전골(소),39000,"배고픔,기쁨,피곤,스트레스","구름,황사","menu/Restaurant object (1)/곱창전골소.jpg",1
9,고기,편육,8000,"적당,기쁨",맑음,"menu/Restaurant object (1)/편육.jpg",1
10,고기,매운곱창볶음,16000,"기쁨,피곤,스트레스","구름,황사","menu/Restaurant object (1)/매운곱창볶음.jpg",1
11,사이드,꼬물이만두,6000,"적당,기쁨",맑음,"menu/Restaurant object (1)/꼬물이만두.jpg",1
12,일식,"연어니기리 6p",9900,"적당,기쁨,스트레스","맑음,구름","menu/Restaurant object (2)/연어니기리_6p.jpg",2
13,일식,"연어니기리 9p",15500,"배고픔,기쁨,피곤,스트레스","맑음,구름","menu/Restaurant object (2)/연어니기리_9p_.jpg",2
14,일식,연어아부리,10900,"배고픔,기쁨","맑음,구름","menu/Restaurant object (2)/연어아부리.jpg",2
15,일식,"장어 지라시스시",12900,"배고픔,기쁨","맑음,구름","menu/Restaurant object (2)/장어_지라시스시.jpg",2
16,일식,캘리포니아롤,8900,"배고픔,기쁨","맑음,구름","menu/Restaurant object (2)/캘리포니아롤.jpg",2
17,일식,롤콤보,12900,"배고픔,기쁨","맑음,구름","menu/Restaurant object (2)/롤콤보.jpg",2
18,일식,"롤 니기리 콤보",12900,"배고픔,기쁨","맑음,구름","menu/Restaurant object (2)/롤_니기리_콤보.jpg",2
19,일식,필라델피아롤,9900,"배고픔,기쁨","맑음,구름","menu/Restaurant object (2)/필라델피아롤.jpg",2
20,일식,"필연 스페셜",13900,"배고픔,기쁨","맑음,구름","menu/Restaurant object (2)/필연_스페셜.jpg",2
21,샐러드,"스파이시 연어 아보 보울 포케",12900,적당,"맑음,구름","menu/Restaurant object (2)/스파이시_연어_아보_보울_포케.jpg",2
22,샐러드,"훈제 오리 보양 샐러드",10900,적당,"맑음,구름","menu/Restaurant object (2)/훈제_오리_보양_샐러드.jpg",2
23,샐러드,"스파이시쉬림프 샐러드",10900,"적당,스트레스","맑음,구름","menu/Restaurant object (2)/스파이시쉬림프_샐러드.jpg",2
24,샐러드,"닭가슴살 샐러드",9900,적당,"맑음,구름","menu/Restaurant object (2)/닭가슴살_샐러드.jpg",2
25,샐러드,"오메가3 듬뿍 연어샐러드",11900,적당,"맑음,구름","menu/Restaurant object (2)/오메가3_듬뿍_연어샐러드.jpg",2
26,샌드위치,"에그 포테이토 샌드위치",4500,적당,"맑음,구름","menu/Restaurant object (2)/에그_포테이토_샌드위치.jpg",2
27,샌드위치,"참치 포테이토 샌드위치",4500,적당,"맑음,구름","menu/Restaurant object (2)/참치_포테이토_샌드위치.jpg",2
28,일식,"햄 무수비",2800,적당,"맑음,구름","menu/Restaurant object (2)/햄_무수비.jpg",2
29,일식,"크랩 오니기리",2800,적당,"맑음,구름","menu/Restaurant object (2)/크랩_오니기리.jpg",2
30,일식,"참치마요 오니기리",2800,적당,"맑음,구름","menu/Restaurant object (2)/참치마요_오니기리.jpg",2
34,사이드,"여우우유 딸기",6500,적당,"맑음,구름","menu/Restaurant object (2)/여우우유_딸기.jpg",2
35,사이드,"여우우유 블루베리",6500,적당,"맑음,구름","menu/Restaurant object (2)/여우우유_블루베리.jpg",2
36,한식,멸치국수,5500,"배고픔,피곤","맑음,구름,비,눈","menu/Restaurant object (3)/멸치국수.jpg",3
37,한식,비빔국수,6500,"배고픔,피곤,스트레스","맑음,구름,비,눈","menu/Restaurant object (3)/비빔국수.jpg",3
38,한식,생칼국수,7000,"배고픔,피곤,스트레스","맑음,구름,비,눈","menu/Restaurant object (3)/생칼국수.jpg",3
39,한식,얼큰칼국수,7500,"배고픔,피곤,스트레스","맑음,구름,비,눈","menu/Restaurant object (3)/얼큰칼국수.jpg",3
40,한식,들깨칼국수,8500,"배고픔,피곤,스트레스","맑음,구름,비,눈","menu/Restaurant object (3)/들깨칼국수.jpg",3
41,한식,매생이칼국수,8000,"배고픔,피곤,스트레스","맑음,구름,비,눈","menu/Restaurant object (3)/매생이칼국수.jpg",3
42,만두,칼만둣국,8000,"배고픔,피곤,스트레스","맑음,구름,비,눈","menu/Restaurant object (3)/칼만둣국.jpg",3
43,한식,생수제비,7000,"배고픔,피곤,스트레스","맑음,구름,비,눈","menu/Restaurant object (3)/생수제비.jpg",3
44,한식,얼큰수제비,7500,"배고픔,피곤,스트레스","맑음,구름,비,눈","menu/Restaurant object (3)/얼큰수제비.jpg",3
45,한식,들깨수제비,8500,"배고픔,피곤,스트레스","맑음,구름,비,눈","menu/Restaurant object (3)/들깨수제비.jpg",3
46,만두,떡만두국,7500,"배고픔,피곤,스트레스","맑음,구름,비,눈","menu/Restaurant object (3)/떡만두국.jpg",3
47,한식,야채비빔밥,7000,적당,맑음,"menu/Restaurant object (3)/야채비빔밥.jpg",3
48,만두,감자고기만두,5000,"적당,기쁨",맑음,"menu/Restaurant object (3)/감자고기만두.jpg",3
49,만두,김치만두,5000,"적당,기쁨",맑음,"menu/Restaurant object (3)/김치만두.jpg",3
50,만두,갈비만두,5000,"적당,기쁨",맑음,"menu/Restaurant object (3)/갈비만두.jpg",3
51,한식,참치주먹밥,2500,적당,맑음,"menu/Restaurant object (3)/참치주먹밥.jpg",3
52,한식,멸치주먹밥,2500,적당,맑음,"menu/Restaurant object (3)/멸치주먹밥.jpg",3
53,한식,콩국수(여름메뉴),8000,"배고픔,피곤,스트레스","맑음,구름,비","menu/Restaurant object (3)/콩국수여름메뉴.jpg",3
54,한식,열무국수(여름메뉴),7000,"배고픔,피곤,스트레스","맑음,구름,비","menu/Restaurant object (3)/열무국수여름메뉴.jpg",3
55,죽,호박죽,6900,"적당,피곤","구름,비,눈","menu/Restaurant object (3)/호박죽.jpg",3
56,죽,팥죽,6900,"적당,피곤","구름,비,눈","menu/Restaurant object (3)/팥죽.jpg",3
57,죽,소고기야채죽,6900,"적당,피곤","구름,비,눈","menu/Restaurant object (3)/소고기야채죽.jpg",3
58,죽,영양닭죽,6900,"적당,피곤","구름,비,눈","menu/Restaurant object (3)/영양닭죽.jpg",3
59,햄버거,싸이버거,4600,"배고픔,기쁨,피곤","맑음,구름,황사","menu/Restaurant object (4)/싸이버거.jpg",4
60,햄버거,불싸이버거,4800,"배고픔,기쁨,피곤,스트레스","맑음,구름,황사","menu/Restaurant object (4)/불싸이버거.jpg",4
61,햄버거,양념치킨싸이버거,4800,"배고픔,기쁨,피곤","맑음,구름,황사","menu/Restaurant object (4)/양념치킨싸이버거.jpg",4
62,햄버거,간장마늘싸이버거,4800,"배고픔,기쁨,피곤","맑음,구름,황사","menu/Restaurant object (4)/간장마늘싸이버거.jpg",4
63,햄버거,싸이플렉스버거,7700,"배고픔,기쁨,피곤","맑음,구름,황사","menu/Restaurant object (4)/싸이플렉스버거.jpg",4
64,햄버거,쉬림프싸이플렉스버거,7000,"배고픔,기쁨,피곤","맑음,구름,황사","menu/Restaurant object (4)/쉬림프싸이플렉스버거.jpg",4
65,햄버거,트리플딥치즈싸이버거,5400,"배고픔,기쁨,피곤","맑음,구름,황사","menu/Restaurant object (4)/트리플딥치즈싸이버거.jpg",4
66,햄버거,화이트갈릭싸이버거,5200,"배고픔,기쁨,피곤","맑음,구름,황사","menu/Restaurant object (4)/화이트갈릭싸이버거.jpg",4
67,햄버거,휠렛버거,4400,"배고픔,기쁨,피곤","맑음,구름,황사","menu/Restaurant object (4)/휠렛버거.jpg",4
68,햄버거,인크레더블버거,5700,"배고픔,기쁨,피곤","맑음,구름,황사","menu/Restaurant object (4)/인크레더블버거.jpg",4
69,햄버거,언빌리버블버거,5900,"배고픔,기쁨,피곤","맑음,구름,황사","menu/Restaurant object (4)/언빌리버블버거.jpg",4
70,햄버거,불고기버거,3900,"배고픔,기쁨,피곤","맑음,구름,황사","menu/Restaurant object (4)/불고기버거.jpg",4
71,햄버거,디럭스불고기버거,5200,"배고픔,기쁨,피곤","맑음,구름,황사","menu/Restaurant object (4)/디럭스불고기버거.jpg",4
72,햄버거,새우불고기버거,5700,"배고픔,기쁨,피곤","맑음,구름,황사","menu/Restaurant object (4)/새우불고기버거.jpg",4
73,햄버거,통새우버거,3500,"배고픔,기쁨,피곤","맑음,구름,황사","menu/Restaurant object (4)/통새우버거.jpg",4
74,햄버거,화이트갈릭버거,4900,"배고픔,기쁨,피곤","맑음,구름,황사","menu/Restaurant object (4)/화이트갈릭버거.jpg",4
75,햄버거,딥치즈버거,4800,"배고픔,기쁨,피곤","맑음,구름,황사","menu/Restaurant object (4)/딥치즈버거.jpg",4
76,햄버거,할라피뇨통살버거,4800,"배고픔,기쁨,피곤,스트레스","맑음,구름,황사","menu/Restaurant object (4)/할라피뇨통살버거.jpg",4
77,햄버거,텍사스바베큐치킨버거,6100,"배고픔,기쁨,피곤","맑음,구름,황사","menu/Restaurant object (4)/텍사스바베큐치킨버거.jpg",4
79,햄버거,야채통통치킨버거,6200,"배고픔,기쁨,피곤","맑음,구름,황사","menu/Restaurant object (4)/야채통통치킨버거.jpg",4
80,햄버거,오리지널미트볼버거,6200,"배고픔,기쁨,피곤","맑음,구름,황사","menu/Restaurant object (4)/오리지널미트볼버거.jpg",4
81,햄버거,청양마요미트볼버거,6200,"배고픔,기쁨,피곤,스트레스","맑음,구름,황사","menu/Restaurant object (4)/청양마요미트볼버거.jpg",4
82,치킨,꿀간장누룽지싸이순살,14500,"배고픔,기쁨,스트레스","맑음,구름,황사","menu/Restaurant object (4)/꿀간장누룽지싸이순살.jpg",4
83,치킨,마늘톡겨자싸이순살,14500,"배고픔,기쁨,스트레스","맑음,구름,황사","menu/Restaurant object (4)/마늘톡겨자싸이순살.jpg",4
84,치킨,치즈뿌치싸이순살,13900,"배고픔,기쁨,스트레스","맑음,구름,황사","menu/Restaurant object (4)/치즈뿌치싸이순살.jpg",4
85,치킨,군옥수수뿌치싸이순살,13900,"배고픔,기쁨,스트레스","맑음,구름,황사","menu/Restaurant object (4)/군옥수수뿌치싸이순살.jpg",4
86,치킨,핫치즈싸이순살,14500,"배고픔,기쁨,스트레스","맑음,구름,황사","menu/Restaurant object (4)/핫치즈싸이순살.jpg",4
87,치킨,후라이드싸이순살,11900,"배고픔,기쁨,스트레스","맑음,구름,황사","menu/Restaurant object (4)/후라이드싸이순살.jpg",4
88,치킨,맘스양념싸이순살,13900,"배고픔,기쁨,스트레스","맑음,구름,황사","menu/Restaurant object (4)/맘스양념싸이순살.jpg",4
89,치킨,간장마늘싸이순살,13900,"배고픔,기쁨,스트레스","맑음,구름,황사","menu/Restaurant object (4)/간장마늘싸이순살.jpg",4
90,치킨,치파오싸이순살,13900,"배고픔,기쁨,스트레스","맑음,구름,황사","menu/Restaurant object (4)/치파오싸이순살.jpg",4
91,치킨,꿀간장누룽지치킨(반마리),10900,"적당,기쁨,스트레스","맑음,구름,황사","menu/Restaurant object (4)/꿀간장누룽치치킨반마리.jpg",4
92,치킨,꿀간장누룽지치킨(한마리),19500,"배고픔,기쁨,스트레스","맑음,구름,황사","menu/Restaurant object (4)/꿀간장누룽치치킨한마리.jpg",4
93,치킨,마늘톡겨자치킨(반마리),10900,"적당,기쁨,스트레스","맑음,구름,황사","menu/Restaurant object (4)/마늘톡겨자치킨반마리.jpg",4
94,치킨,마늘톡겨자치킨(한마리),19500,"배고픔,기쁨,스트레스","맑음,구름,황사","menu/Restaurant object (4)/마늘톡겨자치킨한마리.jpg",4
95,치킨,치즈뿌치(반마리),10400,"적당,기쁨,스트레스","맑음,구름,황사","menu/Restaurant object (4)/치즈뿌치반마리.jpg",4
96,치킨,치즈뿌치(한마리),18900,"배고픔,기쁨,스트레스","맑음,구름,황사","menu/Restaurant object (4)/치즈뿌치한마리.jpg",4
97,치킨,후라이드치킨(반마리),9400,"적당,기쁨,스트레스","맑음,구름,황사","menu/Restaurant object (4)/후라이드치킨반마리.jpg",4
98,치킨,후라이드치킨(한마리),16900,"배고픔,기쁨,스트레스","맑음,구름,황사","menu/Restaurant object (4)/후라이드치킨한마리.jpg",4
99,치킨,간장마늘치킨(반마리),10400,"적당,기쁨,스트레스","맑음,구름,황사","menu/Restaurant object (4)/간장마늘치킨반마리.jpg",4
100,치킨,간장마늘치킨(한마리),18900,"배고픔,기쁨,스트레스","맑음,구름,황사","menu/Restaurant object (4)/간장마늘치킨한마리.jpg",4
101,치킨,맘스양념치킨(반마리),10400,"적당,기쁨,스트레스","맑음,구름,황사","menu/Restaurant object (4)/맘스양념치킨반마리.jpg",4
102,치킨,맘스양념치킨(한마리),18900,"배고픔,기쁨,스트레스","맑음,구름,황사","menu/Restaurant object (4)/맘스양념치킨한마리.jpg",4
103,치킨,반반치킨(후라이드+양념1종),17900,"배고픔,기쁨,스트레스","맑음,구름,황사","menu/Restaurant object (4)/반반치킨후라이드양념1종.jpg",4
104,치킨,닭강정트리오,12000,"배고픔,기쁨,스트레스","맑음,구름,황사","menu/Restaurant object (4)/닭강정트리오.jpg",4
105,치킨,케이준떡강정(S),4200,"적당,기쁨,스트레스","맑음,구름,황사","menu/Restaurant object (4)/케이준떡강정s.jpg",4
106,치킨,간장마늘떡강정(S),4400,"적당,기쁨,스트레스","맑음,구름,황사","menu/Restaurant object (4)/간장마늘떡강정s.jpg",4
107,치킨,치파오떡강정(S),4400,"적당,기쁨,스트레스","맑음,구름,황사","menu/Restaurant object (4)/치파오떡강정s.jpg",4
108,치킨,후라이드텐더(4조각),4000,"적당,기쁨,스트레스","맑음,구름,황사","menu/Restaurant object (4)/후라이드텐더4조각.jpg",4
109,치킨,후라이드텐더(8조각),7500,"배고픔,기쁨,스트레스","맑음,구름,황사","menu/Restaurant object (4)/후라이드텐더8조각.jpg",4
110,사이드,찐감자찰빵2조각,3500,"배고픔,기쁨,스트레스",맑음,"menu/Restaurant object (4)/찐감자찰빵2조각.jpg",4
111,사이드,코울슬로,1800,"배고픔,기쁨,스트레스",맑음,"menu/Restaurant object (4)/코울슬로.jpg",4
112,사이드,콘샐러드,1800,"적당,기쁨,스트레스",맑음,"menu/Restaurant object (4)/콘샐러드.jpg",4
113,사이드,바삭크림치즈볼(2조각),2000,"배고픔,기쁨,스트레스","맑음,구름","menu/Restaurant object (4)/바삭크림치즈볼2조각.jpg",4
114,사이드,달콤카라멜볼,2200,"배고픔,기쁨,피곤,스트레스","맑음,구름","menu/Restaurant object (4)/달콤카라멜볼.jpg",4
115,사이드,케이준양념감자,2000,"적당,기쁨,스트레스","맑음,구름,황사","menu/Restaurant object (4)/케이준양념감자.jpg",4
116,사이드,케이준양념감자(대),3500,"배고픔,기쁨,스트레스","맑음,구름,황사","menu/Restaurant object (4)/케이준양념감자대.jpg",4
117,사이드,치즈감자,2800,"적당,기쁨,스트레스",맑음,"menu/Restaurant object (4)/치즈감자.jpg",4
118,사이드,치즈스틱,2000,"적당,기쁨,스트레스",맑음,"menu/Restaurant object (4)/치즈스틱.jpg",4
119,사이드,매콤김떡만,3500,"적당,피곤,스트레스",맑음,"menu/Restaurant object (4)/매콤김떡만.jpg",4
120,사이드,할라피뇨너겟(4조각),2000,"적당,기쁨,스트레스",맑음,"menu/Restaurant object (4)/할라피뇨너겟4조각.jpg",4
121,샐러드,"탄단지 샐러디",8300,적당,맑음,"menu/Restaurant object (5)/탄단지_샐러디.png",5
122,샐러드,"로스트닭다리살 샐러디",9500,적당,맑음,"menu/Restaurant object (5)/로스트닭다리살_샐러디.png",5
123,샌드위치,"칠리베이컨 웜볼",7900,배고픔,맑음,"menu/Restaurant object (5)/칠리베이컨_웜볼.png",5
124,샌드위치,"에그베이컨 샌드",6900,적당,맑음,"menu/Restaurant object (5)/에그베이컨_샌드.png",5
125,샌드위치,"스파이시비프 브레드",7500,"적당,스트레스",맑음,"menu/Restaurant object (5)/스파이시비프_브레드.jpg",5
126,샌드위치,"멕시칸 랩",6700,적당,맑음,"menu/Restaurant object (5)/멕시칸_랩.png",5
127,샌드위치,"칠리베이컨 웜랩",6900,적당,맑음,"menu/Restaurant object (5)/칠리베이컨_웜랩.png",5
128,샌드위치,"우삼겹 웜랩",7300,적당,맑음,"menu/Restaurant object (5)/우삼겹_웜랩.png",5
129,샌드위치,"바질치킨 브레드",8200,적당,맑음,"menu/Restaurant object (5)/바질치킨_브레드.png",5
130,샌드위치,"바질치킨 랩",7600,적당,맑음,"menu/Restaurant object (5)/바질치킨_랩.png",5
131,샐러드,"시저치킨 샐러디",6700,적당,맑음,"menu/Restaurant object (5)/시저치킨_샐러디.png",5
132,샐러드,"콥 샐러디",7400,적당,맑음,"menu/Restaurant object (5)/콥_샐러디.png",5
133,샐러드,"연어 샐러디",9900,적당,맑음,"menu/Restaurant object (5)/연어_샐러디.png",5
134,샐러드,"우삼겹메밀면 샐러디",8700,적당,맑음,"menu/Restaurant object (5)/우삼겹메밀면_샐러디.png",5
135,샐러드,"단호박두부 샐러디",8900,적당,맑음,"menu/Restaurant object (5)/단호박두부_샐러디.png",5
136,샌드위치,"우삼겹 웜볼",8500,배고픔,맑음,"menu/Restaurant object (5)/우삼겹_웜볼.png",5
137,샌드위치,"머쉬룸두부 웜볼",8900,배고픔,맑음,"menu/Restaurant object (5)/머쉬룸두부_웜볼.png",5
138,샌드위치,"바베큐치킨 웜볼",8900,배고픔,맑음,"menu/Restaurant object (5)/바베큐치킨_웜볼.png",5
139,샌드위치,"할라피뇨치킨 웜볼",8500,"배고픔,스트레스",맑음,"menu/Restaurant object (5)/할라피뇨치킨_웜볼.png",5
140,샌드위치,"치킨토마토 샌드",6900,적당,맑음,"menu/Restaurant object (5)/치킨토마토_샌드.png",5
141,샌드위치,"크리미연어 샌드",7800,적당,맑음,"menu/Restaurant object (5)/크리미연어_샌드.png",5
142,샌드위치,"바베큐치킨 샌드",7500,"적당,기쁨,스트레스",맑음,"menu/Restaurant object (5)/바베큐치킨_샌드.png",5
143,샌드위치,"시저치킨 랩",6700,"적당,기쁨,스트레스",맑음,"menu/Restaurant object (5)/시저치킨_랩.png",5
144,샌드위치,"크리미연어 랩",8600,적당,맑음,"menu/Restaurant object (5)/크리미연어_랩.png",5
145,샌드위치,"로스트닭다리살 랩",8500,적당,맑음,"menu/Restaurant object (5)/로스트닭다리살_랩.png",5
146,샌드위치,"크랜베리그릭 랩",6900,적당,맑음,"menu/Restaurant object (5)/크랜베리그릭_랩.png",5
147,샌드위치,"바베큐치킨 웜랩",7900,적당,맑음,"menu/Restaurant object (5)/바베큐치킨_웜랩.png",5
148,샌드위치,"할라피뇨치킨 웜랩",7200,"적당,스트레스",맑음,"menu/Restaurant object (5)/할라피뇨치킨_웜랩.png",5
149,덮밥,큐브스테이크덮밥,8800,"배고픔,기쁨","맑음,황사","menu/Restaurant object (6)/큐브스테이크덮밥.png",6
150,덮밥,쭈삼덮밥,6800,배고픔,"맑음,황사","menu/Restaurant object (6)/쭈삼덮밥.jpg",6
151,덮밥,닭갈비숙주덮밥,5200,배고픔,"맑음,황사","menu/Restaurant object (6)/닭갈비숙주덮밥.png",6
152,덮밥,제육숙주덮밥,5200,"배고픔,피곤,스트레스","맑음,황사","menu/Restaurant object (6)/제육숙주덮밥.png",6
153,덮밥,소불숙주덮밥,6900,배고픔,"맑음,황사","menu/Restaurant object (6)/소불숙주덮밥.png",6
154,덮밥,쭈불덮밥,7000,배고픔,"맑음,황사","menu/Restaurant object (6)/쭈불덮밥.jpg",6
155,덮밥,삼겹매콤와퍼,6900,"배고픔,피곤,스트레스","맑음,황사","menu/Restaurant object (6)/삼겹매콤와퍼.png",6
156,덮밥,데리와퍼참치,4500,배고픔,"맑음,황사","menu/Restaurant object (6)/데리와퍼참치.png",6
157,덮밥,제육와퍼,4700,배고픔,"맑음,황사","menu/Restaurant object (6)/제육와퍼.png",6
158,덮밥,김치제육와퍼,5500,"배고픔,피곤,스트레스","맑음,황사","menu/Restaurant object (6)/김치제육와퍼.png",6
159,덮밥,데리와퍼치킨,4500,배고픔,"맑음,황사","menu/Restaurant object (6)/데리와퍼치킨.png",6
160,덮밥,참치마요,3700,배고픔,"맑음,황사","menu/Restaurant object (6)/참치마요.png",6
161,덮밥,치킨마요,3700,배고픔,"맑음,황사","menu/Restaurant object (6)/치킨마요.png",6
162,덮밥,삼겹매콤마요,4900,"배고픔,피곤,스트레스","맑음,황사","menu/Restaurant object (6)/삼겹매콤마요.png",6
163,덮밥,불고기비빔밥,7500,배고픔,맑음,"menu/Restaurant object (6)/불고기비빔밥.png",6
164,덮밥,야채참치비빔밥,5700,배고픔,맑음,"menu/Restaurant object (6)/야채참치비빔밥.png",6
165,덮밥,강된장제육비빔밥,6500,배고픔,맑음,"menu/Restaurant object (6)/강된장제육비빔밥.png",6
166,도시락,불맛땡초치킨도시락,5800,"배고픔,피곤,스트레스","맑음,황사","menu/Restaurant object (6)/불맛땡초치킨도시락.png",6
167,도시락,마늘간장치킨도시락,5800,배고픔,"맑음,황사","menu/Restaurant object (6)/마늘간장치킨도시락.png",6
168,도시락,새우콤보도시락,5900,배고픔,"맑음,황사","menu/Restaurant object (6)/새우콤보도시락.png",6
169,도시락,칠리콤보도시락,5700,"배고픔,피곤,스트레스","맑음,황사","menu/Restaurant object (6)/칠리콤보도시락.png",6
170,도시락,콤보도시락,5700,배고픔,"맑음,황사","menu/Restaurant object (6)/콤보도시락.png",6
171,도시락,소불고기도시락,7200,배고픔,"맑음,황사","menu/Restaurant object (6)/소불고기도시락.png",6
172,도시락,제육볶음도시락,4900,배고픔,"맑음,황사","menu/Restaurant object (6)/제육볶음도시락.png",6
173,도시락,떡닭갈비도시락,5800,배고픔,"맑음,황사","menu/Restaurant object (6)/떡닭갈비도시락.png",6
174,카레,치킨커리,5500,배고픔,"맑음,구름,황사","menu/Restaurant object (6)/치킨커리.png",6
175,카레,돈까스커리,5800,배고픔,"맑음,구름,황사","menu/Restaurant object (6)/돈까스커리.png",6
176,도시락,짝3호(제육+간장치킨),5200,배고픔,"맑음,구름,황사","menu/Restaurant object (6)/짝3호.png",6
177,도시락,짝4호(소불+간장치킨),6500,배고픔,"맑음,구름,황사","menu/Restaurant object (6)/짝4호.png",6
178,도시락,짝2호(소불+돈까스),6800,배고픔,"맑음,구름,황사","menu/Restaurant object (6)/짝2호.png",6
179,도시락,짝1호(제육+돈까스),5500,배고픔,"맑음,구름,황사","menu/Restaurant object (6)/짝1호.png",6
180,도시락,짝5호(소불+제육),6500,배고픔,"맑음,황사","menu/Restaurant object (6)/짝5호.png",6
181,도시락,만찬도시락,12500,배고픔,맑음,"menu/Restaurant object (6)/만찬도시락.png",6
182,도시락,코다리소불도시락,9500,배고픔,맑음,"menu/Restaurant object (6)/코다리소불도시락.png",6
183,도시락,인기스타,8000,배고픔,맑음,"menu/Restaurant object (6)/인기스타.png",6
184,도시락,진수성찬,8500,배고픔,맑음,"menu/Restaurant object (6)/진수성찬.png",6
185,도시락,한상차림,10500,배고픔,맑음,"menu/Restaurant object (6)/한상차림.png",6
186,도시락,코다리제육도시락,8500,배고픔,맑음,"menu/Restaurant object (6)/코다리제육도시락.png",6
187,사이드,케이준감자,2500,적당,맑음,"menu/Restaurant object (6)/케이준감자.jpg",6
188,사이드,새우감자고로케,2000,적당,맑음,"menu/Restaurant object (6)/새우감자고로케.jpg",6
189,사이드,국물떡볶이,3800,"배고픔,기쁨,피곤,스트레스","맑음,구름,비","menu/Restaurant object (6)/국물떡볶이.png",6
190,아시안,하노이정통쌀국수,9000,"배고픔,피곤","맑음,구름,비,눈","menu/Restaurant object (8)/하노이정통쌀국수.jpg",8
191,아시안,매운쌀국수,10000,"배고픔,피곤,스트레스","맑음,구름,비,눈","menu/Restaurant object (8)/매운쌀국수.jpg",8
192,아시안,분짜,14000,적당,"맑음,구름","menu/Restaurant object (8)/분짜.jpg",8
193,아시안,반쎄오,16000,배고픔,"맑음,구름","menu/Restaurant object (8)/반쎄오.jpg",8
194,아시안,파인애플볶음밥,11000,배고픔,맑음,"menu/Restaurant object (8)/파인애플볶음밥.jpg",8
195,아시안,반미,10000,배고픔,맑음.구름,"menu/Restaurant object (8)/반미.jpg",8
196,아시안,넴,6500,"적당,스트레스",맑음,"menu/Restaurant object (8)/넴.jpg",8
197,아시안,하가우,4500,적당,맑음,"menu/Restaurant object (8)/하가우.png",8
198,아시안,꿔이,3000,배고픔,맑음,"menu/Restaurant object (8)/꿔이.jpg",8
202,돈까스,수제생등심돈가스,6900,"배고픔,기쁨,스트레스","맑음,구름,황사","menu/Restaurant object (10)/수제생등심돈가스.png",10
203,돈까스,치즈돈가스,8900,"배고픔,기쁨,스트레스","맑음,구름,황사","menu/Restaurant object (10)/치즈돈가스.png",10
204,돈까스,카레돈가스,8400,"배고픔,기쁨,스트레스","맑음,구름,황사","menu/Restaurant object (10)/카레돈가스.png",10
205,돈까스,로제돈가스,8400,"배고픔,기쁨,스트레스","맑음,구름,황사","menu/Restaurant object (10)/로제돈가스.png",10
206,돈까스,마늘돈가스,8400,"배고픔,기쁨,스트레스","맑음,구름,황사","menu/Restaurant object (10)/마늘돈가스.png",10
207,돈까스,로제치즈돈가스,9900,"배고픔,기쁨,스트레스","맑음,구름,황사","menu/Restaurant object (10)/로제치즈돈가스.png",10
208,돈까스,옛날돈가스,8400,"배고픔,기쁨,스트레스","맑음,구름,황사","menu/Restaurant object (10)/옛날돈가스.png",10
209,돈까스,고구마치즈돈가스,8900,"배고픔,기쁨,스트레스","맑음,구름,황사","menu/Restaurant object (10)/고구마치즈돈가스.png",10
210,돈까스,매운칠리돈가스,8400,"배고픔,기쁨,스트레스","맑음,구름,황사","menu/Restaurant object (10)/매운칠리돈가스.png",10
211,돈까스,생크림데미그라스볼카츠,7900,"배고픔,기쁨,스트레스","맑음,구름,황사","menu/Restaurant object (10)/생크림데미그라스볼카츠.png",10
212,돈까스,치킨안심가스,8400,"배고픔,기쁨,스트레스","맑음,구름,황사","menu/Restaurant object (10)/치킨안심가스.png",10
213,돈까스,생크림데미그라스점보돈가스,10900,"배고픔,기쁨,스트레스","맑음,구름,황사","menu/Restaurant object (10)/생크림데미그라스점보돈가스.png",10
214,한식,쫄면,5500,"배고픔,피곤,스트레스","맑음,구름","menu/Restaurant object (10)/쫄면.png",10
215,일식,우동,5500,"배고픔,피곤,스트레스","맑음,구름,비,눈","menu/Restaurant object (10)/우동.png",10
216,일식,파우동,6000,"배고픔,피곤,스트레스","맑음,구름,비,눈","menu/Restaurant object (10)/파우동.png",10
217,일식,얼큰파우동,6500,"배고픔,피곤,스트레스","맑음,구름,비,눈","menu/Restaurant object (10)/얼큰파우동.png",10
218,일식,로제우동,6500,"배고픔,피곤,스트레스","맑음,구름,비,눈","menu/Restaurant object (10)/로제우동.png",10
219,카레,카레라이스,5900,적당,맑음,"menu/Restaurant object (10)/카레라이스.png",10
220,한식,데리장조림덮밥,6500,적당,맑음,"menu/Restaurant object (10)/데리장조림덮밥.png",10
221,한식,고추장장조림비빔밥,6500,적당,맑음,"menu/Restaurant object (10)/고추장장조림비빔밥.png",10
222,한식,불냉면,6500,"적당,피곤,스트레스",맑음,"menu/Restaurant object (10)/불냉면.png",10
223,일식,냉모밀,5500,"적당,기쁨",맑음,"menu/Restaurant object (10)/냉모밀.png",10
224,한식,닭갈비주먹밥,3000,적당,맑음,"menu/Restaurant object (11)/닭갈비주먹밥.png",11
225,한식,김치볶음주먹밥,3000,적당,맑음,"menu/Restaurant object (11)/김치볶음주먹밥.png",11
226,한식,구운스팸주먹밥,3000,적당,맑음,"menu/Restaurant object (11)/구운스팸주먹밥.png",11
227,한식,치즈날치알주먹밥,3000,적당,맑음,"menu/Restaurant object (11)/치즈날치알주먹밥.png",11
228,한식,참치김치주먹밥,3000,적당,맑음,"menu/Restaurant object (11)/참치김치주먹밥.png",11
229,한식,양념갈비주먹밥,3000,적당,맑음,"menu/Restaurant object (11)/양념갈비주먹밥.png",11
230,한식,제육김치주먹밥,3000,적당,맑음,"menu/Restaurant object (11)/제육김치주먹밥.png",11
231,한식,갈릭떡갈비주먹밥,3000,적당,맑음,"menu/Restaurant object (11)/갈릭떡갈비주먹밥.png",11
232,한식,참치샐러드주먹밥,3000,적당,맑음,"menu/Restaurant object (11)/참치샐러드주먹밥.png",11
233,분식,담백라면,4500,"배고픔,피곤,스트레스","맑음,구름,비,눈","menu/Restaurant object (11)/담백라면.jpeg",11
234,분식,얼큰라면,4500,"배고픔,피곤,스트레스","맑음,구름,비,눈","menu/Restaurant object (11)/얼큰라면.jpeg",11
235,일식,어묵우동,5500,"배고픔,피곤,스트레스","맑음,구름,비,눈","menu/Restaurant object (11)/어묵우동.jpeg",11
236,일식,김치우동,5500,"배고픔,피곤,스트레스","맑음,구름,비,눈","menu/Restaurant object (11)/김치우동.jpg",11
237,사이드,어묵,1000,"배고픔,피곤,스트레스","맑음,구름,비,눈","menu/Restaurant object (11)/어묵.png",11
238,국밥,순대국밥,6000,"배고픔,피곤,스트레스","맑음,구름,비,눈","menu/Restaurant object (9)/순대국밥.jpg",9
239,국밥,수육국밥,6000,"배고픔,피곤,스트레스","맑음,구름,비,눈","menu/Restaurant object (9)/수육국밥.jpg",9
240,국밥,얼큰국밥,6000,"배고픔,피곤,스트레스","맑음,구름,비,눈","menu/Restaurant object (9)/얼큰국밥.jpg",9
241,피자,치즈피자,8900,"배고픔,기쁨,스트레스",맑음,"menu/Restaurant object (9)/치즈피자.jpg",9
242,양식,불닭도리아,5000,"배고픔,피곤,스트레스","맑음,구름","menu/Restaurant object (9)/불닭도리아.jpg",9
243,양식,치즈오븐스파게티,5000,"배고픔,기쁨,스트레스",맑음,"menu/Restaurant object (9)/치즈오븐스파게티.jpg",9
244,피자,불고기피자,9900,"배고픔,기쁨,스트레스",맑음,"menu/Restaurant object (9)/불고기피자.jpg",9
245,한식,알밥,5500,적당,맑음,"menu/Restaurant object (9)/알밥.jpg",9
246,아시안,소고기쌀국수,5900,"적당,피곤","맑음,구름,비,눈","menu/Restaurant object (12)/소고기쌀국수.jpeg",12
247,아시안,짬뽕쌀국수,6500,"적당,피곤,스트레스","맑음,구름,비,눈","menu/Restaurant object (12)/짬뽕칼국수.jpeg",12
248,아시안,"매콤 비빔쌀국수",6900,"적당,피곤,스트레스","맑음,구름,비,눈","menu/Restaurant object (12)/매콤_비빔쌀국수.jpg",12
249,아시안,"매콤 물쌀국수",6900,"적당,피곤,스트레스","맑음,구름,비,눈","menu/Restaurant object (12)/매콤_물쌀국수.jpg",12
250,한식,제육덮밥,6500,"배고픔,스트레스","맑음,황사","menu/Restaurant object (12)/제육덮밥.jpeg",12
251,한식,김치베이컨볶음밥,6500,배고픔,맑음,"menu/Restaurant object (12)/김치베이컨볶음밥.jpg",12
252,돈까스,돈까스,6900,배고픔,"맑음,구름,황사","menu/Restaurant object (12)/돈까스.jpg",12
253,아시안,짜조,5500,"적당,스트레스","맑음,구름,황사","menu/Restaurant object (12)/짜조.jpg",12
254,만두,교자만두,4900,적당,맑음,"menu/Restaurant object (12)/교자만두.png",12
255,만두,갈비만두,5500,적당,맑음,"menu/Restaurant object (12)/갈비만두.jpg",12
256,만두,튀김만두,4900,적당,맑음,"menu/Restaurant object (12)/튀김만두.jpg",12
257,사이드,소떡소떡,2900,"적당,기쁨",맑음,"menu/Restaurant object (12)/소떡소떡.jpg",12
258,일식,돈코츠라멘,6900,"적당,피곤","맑음,구름,비,눈","menu/Restaurant object (13)/돈코츠라멘.jpg",13
259,덮밥,고기덮밥,6900,배고픔,"맑음,황사","menu/Restaurant object (13)/고기덮밥.jpg",13
260,덮밥,핵불덮밥,6900,배고픔,"맑음,황사","menu/Restaurant object (13)/핵불덮밥.jpg",13
261,한식,육개장,6900,"적당,피곤,스트레스","맑음,구름,비,눈","menu/Restaurant object (13)/육개장.jpg",13
262,한식,육회비빔밥,7900,배고픔,맑음,"menu/Restaurant object (13)/육회비빔밥.jpg",13
263,햄버거,수제비프싱글버거,3900,"배고픔,피곤,스트레스","맑음,구름,황사","menu/Restaurant object (14)/수제비프싱글버거.jpg",14
264,햄버거,불갈비버거,4300,"배고픔,피곤,스트레스","맑음,구름,황사","menu/Restaurant object (14)/불갈비버거.jpg",14
265,햄버거,불갈비체다버거,4900,"배고픔,피곤,스트레스","맑음,구름,황사","menu/Restaurant object (14)/불갈비체다버거.jpeg",14
266,햄버거,불갈비모짜버거,4900,"배고픔,피곤,스트레스","맑음,구름,황사","menu/Restaurant object (14)/불갈비모짜버거.jpeg",14
267,햄버거,수제비프버거,4600,"배고픔,피곤,스트레스","맑음,구름,황사","menu/Restaurant object (14)/수제비프버거.jpg",14
268,햄버거,수제비프체다버거,5200,"배고픔,피곤,스트레스","맑음,구름,황사","menu/Restaurant object (14)/수제비프체다버거.jpg",14
269,햄버거,수제비프모짜버거,5200,"배고픔,피곤,스트레스","맑음,구름,황사","menu/Restaurant object (14)/수제비프모짜버거.png",14
270,햄버거,수제비프더블치즈버거,7200,"배고픔,피곤,스트레스","맑음,구름,황사","menu/Restaurant object (14)/수제비프더블치즈버거.jpg",14
271,햄버거,수제비프해쉬버거,5500,"배고픔,피곤,스트레스","맑음,구름,황사","menu/Restaurant object (14)/수제비프해쉬버거.jpg",14
272,햄버거,수제비프치즈베이컨버거,5900,"배고픔,피곤,스트레스","맑음,구름,황사","menu/Restaurant object (14)/수제비프치즈베이컨버거.jpg",14
283,햄버거,통살치킨버거,4300,"배고픔,피곤,스트레스","맑음,구름,황사","menu/Restaurant object (14)/통살치킨버거.jpg",14
284,햄버거,슈프림양념치킨버거,4500,"배고픔,피곤,스트레스","맑음,구름,황사","menu/Restaurant object (14)/슈프림양념치킨버거.png",14
285,햄버거,핫갈릭치킨버거,4800,"배고픔,피곤,스트레스","맑음,구름,황사","menu/Restaurant object (14)/핫갈릭치킨버거.png",14
286,햄버거,핫바베큐치킨버거,4800,"배고픔,피곤,스트레스","맑음,구름,황사","menu/Restaurant object (14)/핫바베큐치킨버거.jpg",14
287,햄버거,핫스파이시치킨버거,4700,"배고픔,피곤,스트레스","맑음,구름,황사","menu/Restaurant object (14)/핫스파이시치킨버거.jpg",14
288,햄버거,달콤강정치킨버거,4800,"배고픔,피곤,스트레스","맑음,구름,황사","menu/Restaurant object (14)/달콤강정치킨버거.jpg",14
289,햄버거,핫강정치킨버거,4900,"배고픔,피곤,스트레스","맑음,구름,황사","menu/Restaurant object (14)/핫강정치킨버거.jpg",14
297,고기,삼겹살쌈밥,9000,"배고픔,기쁨","맑음,황사","menu/Restaurant object (15)/삼겹살쌈밥.png",15
298,고기,제육쌈밥,8000,"배고픔,기쁨","맑음,황사","menu/Restaurant object (15)/제육쌈밥.jpeg",15
299,고기,두루치기쌈밥,8000,"배고픔,기쁨","맑음,황사","menu/Restaurant object (15)/두루치기쌈밥.jpg",15
300,덮밥,제육덮밥,7000,"배고픔,기쁨","맑음,황사","menu/Restaurant object (15)/제육덮밥.jpg",15
301,덮밥,두루치기덮밥,7000,"배고픔,기쁨","맑음,황사","menu/Restaurant object (15)/두루치기덮밥.jpg",15
302,한식,물냉면,6000,"적당,피곤","맑음,황사","menu/Restaurant object (15)/물냉면.jpg",15
303,한식,비빔냉면,6000,"적당,피곤,스트레스","맑음,황사","menu/Restaurant object (15)/비빔냉면.jpg",15
304,분식,빨떡,14000,"배고픔,피곤,스트레스","맑음,황사","menu/Restaurant object (15)/빨떡.jpg",15
305,한식,참치주먹밥,4000,적당,"맑음,황사","menu/Restaurant object (16)/참치주먹밥.jpg",16
306,분식,라볶이,5900,"배고픔,피곤,스트레스","맑음,황사","menu/Restaurant object (16)/라볶이.jpg",16
307,한식,스크램블스팸김치볶음밥,6900,적당,"맑음,황사","menu/Restaurant object (16)/스크램블스팸김치볶음밥.jpg",16
308,고기,제육한상,8000,"배고픔,기쁨","맑음,황사","menu/Restaurant object (16)/제육한상.jpg",16
309,한식,햄치즈순두부,8000,배고픔,"맑음,구름,비,눈","menu/Restaurant object (16)/햄치즈순두부.jpg",16
310,한식,제육한상+햄치즈순두부,15000,배고픔,"맑음,구름,비,눈,황사","menu/Restaurant object (16)/제육한상햄치즈순두부.jpg",16
311,한식,제육한상+햄지치즈순두부+주먹밥,17000,배고픔,"맑음,구름,비,눈,황사","menu/Restaurant object (16)/제육한상햄치즈순두부주먹밥.jpg",16
312,고기,제육2인정식,15000,배고픔,"맑음,황사","menu/Restaurant object (16)/제육2인정식.jpg",16
313,분식,주먹밥,3000,적당,맑음,"menu/Restaurant object (16)/주먹밥.jpg",16
314,중식,차돌짬뽕,11000,"배고픔,스트레스","맑음,구름,비,눈","menu/Restaurant object (7)/차돌짬뽕.jpg",7
315,중식,잡탕밥,16000,배고픔,맑음,"menu/Restaurant object (7)/잡탕밥.jpg",7
316,중식,자장면,6000,배고픔,"맑음,구름","menu/Restaurant object (7)/자장면.png",7
317,중식,삼선자장면,9000,배고픔,"맑음,구름","menu/Restaurant object (7)/삼선자장면.jpg",7
318,중식,삼선짬뽕,10000,"배고픔,피곤,스트레스","맑음,구름,비,눈","menu/Restaurant object (7)/삼선짬뽕.png",7
319,중식,삼선볶음밥,8000,배고픔,맑음,"menu/Restaurant object (7)/삼선볶음밥.jpg",7
320,중식,마파두부밥,9000,배고픔,맑음,"menu/Restaurant object (7)/마파두부밥.png",7
321,중식,게살볶음밥,10000,배고픔,맑음,"menu/Restaurant object (7)/게살볶음밥.jpg",7
322,중식,찹쌀탕수육(소),22000,"적당,기쁨","맑음,구름,황사","menu/Restaurant object (7)/찹쌀탕수육.png",7
323,중식,찹쌀탕수육(중),33000,"적당,기쁨","맑음,구름,황사","menu/Restaurant object (7)/찹쌀탕수육_opZ3awS.png",7
324,중식,찹쌀탕수육(대),44000,"배고픔,기쁨","맑음,구름,황사","menu/Restaurant object (7)/찹쌀탕수육_ZL0pMok.png",7
325,중식,깐풍기(소),27000,적당,"맑음,구름,황사","menu/Restaurant object (7)/깐풍기소.jpg",7
326,중식,깐풍기(중),41000,적당,"맑음,구름,황사","menu/Restaurant object (7)/깐풍기중.jpg",7
327,중식,깐풍기(대),54000,배고픔,"맑음,구름,황사","menu/Restaurant object (7)/깐풍기대.jpg",7
328,중식,"깐풍 새우(소)",32000,적당,"맑음,구름,황사","menu/Restaurant object (7)/깐풍새우소.jpg",7
329,중식,"깐풍 새우(중)",48000,적당,"맑음,구름,황사","menu/Restaurant object (7)/깐풍새우중.jpg",7
330,중식,"깐풍 새우(대)",64000,배고픔,"맑음,구름,황사","menu/Restaurant object (7)/깐풍새우대.jpg",7
331,마라탕,마라탕(100g),1800,"배고픔,피곤,스트레스","맑음,구름,비","menu/Restaurant object (17)/마라탕100g.jpg",17
332,마라탕,마라샹궈(100g),3000,"배고픔,피곤,스트레스","맑음,구름,비","menu/Restaurant object (17)/마라샹궈100g.jpg",17
333,중식,꿔보러우,15000,"배고픔,피곤,스트레스","맑음,구름,비","menu/Restaurant object (17)/꿔보러우.jpg",17
334,만두,물만두,6000,적당,맑음,"menu/Restaurant object (17)/물만두.jpg",17
335,덮밥,삼겹살덮밥,8000,배고픔,"맑음,황사","menu/Restaurant object (18)/삼겹살덮밥.jpg",18
336,한식,육회비빔밥,8000,"배고픔,기쁨",맑음,"menu/Restaurant object (18)/육회비빔밥.jpg",18
337,국밥,순두부국밥,7500,"배고픔,피곤","맑음,구름,비,눈","menu/Restaurant object (18)/순두부국밥.jpg",18
338,국밥,우동국밥,7500,"배고픔,피곤","맑음,구름,비,눈","menu/Restaurant object (18)/우동국밥.jpg",18
339,국밥,수육곰탕,8000,"배고픔,피곤","맑음,구름,비,눈","menu/Restaurant object (18)/수육곰탕.jpg",18
340,중식,"크림 새우(소)",32000,적당,"맑음,구름,황사","menu/Restaurant object (7)/크림_새우소.png",7
341,중식,"크림 새우(중)",48000,적당,"맑음,구름,황사","menu/Restaurant object (7)/크림_새우중.png",7
342,중식,"크림 새우(대)",64000,배고픔,"맑음,구름,황사","menu/Restaurant object (7)/크림_새우대.png",7
343,중식,"깐소 새우(소)",32000,적당,"맑음,구름,황사","menu/Restaurant object (7)/깐소새우소.jpg",7
344,중식,"깐소 새우(중)",48000,적당,"맑음,구름,황사","menu/Restaurant object (7)/깐소새우중.jpg",7
345,중식,"깐소 새우(대)",64000,배고픔,"맑음,구름,황사","menu/Restaurant object (7)/깐소새우대.jpg",7
346,햄버거,딥치즈싸이버거,5100,"배고픔,피곤","맑음,구름","menu/Restaurant object (4)/딥치즈싸이버거.jpg",4
347,햄버거,에그불고기버거,5200,"배고픔,피곤","맑음,구름","menu/Restaurant object (4)/에그불고기버거.jpg",4
348,일식,프리미엄스시콤보,15900,"적당,기쁨",맑음,"menu/Restaurant object (2)/프리미엄스시콤보.jpg",2
349,일식,필받은유부,10900,"적당,기쁨",맑음,"menu/Restaurant object (2)/필받은유부.jpg",2
350,일식,연유콤보,13900,"적당,기쁨",맑음,"menu/Restaurant object (2)/연유콤보.jpg",2
351,일식,그릴새우니기리,10800,"적당,피곤","맑음,구름","menu/Restaurant object (2)/그릴새우니기리.jpg",2
352,일식,스파이시연어볼,11900,"적당,기쁨","맑음,구름","menu/Restaurant object (2)/스파이시연어볼.jpg",2
353,일식,연어드래곤롤,10900,기쁨,"맑음,구름","menu/Restaurant object (2)/연어드래곤롤.jpg",2
354,일식,장어드래곤롤,10900,기쁨,"맑음,구름","menu/Restaurant object (2)/장어드래곤롤.jpg",2
355,일식,유부초밥,7500,기쁨,구름,"menu/Restaurant object (2)/유부초밥.jpg",2
356,일식,광어초밥,10900,기쁨,"구름, 황사","menu/Restaurant object (2)/광어초밥.jpg",2
357,일식,육회초밥,9900,"적당,기쁨","맑음,구름","menu/Restaurant object (2)/육회초밥.jpg",2
358,햄버거,탄두리싸이버거,5200,"배고픔,피곤","비,구름","menu/Restaurant object (4)/탄두리싸이버거.jpg",4
359,햄버거,마라싸이버거,5200,"배고픔,피곤","비,구름","menu/Restaurant object (4)/마라싸이버거.jpg",4
360,한식,큐브스테이크덮밥,11900,"배고픔,기쁨","비,구름","menu/Restaurant object (19)/큐브스테이크덮밥.jpg",19
361,한식,항정살덮밥,10900,"배고픔,기쁨","비,구름","menu/Restaurant object (19)/항정살덮밥.jpg",19
362,한식,간장불고기덮밥,8900,"배고픔,피곤","비,구름","menu/Restaurant object (19)/간장불고기덮밥.jpg",19
363,한식,고추장불고기덮밥,8900,"배고픔,피곤","비,구름","menu/Restaurant object (19)/고추장불고기덮밥.jpg",19
364,한식,수비드목살덮밥,10900,"배고픔,기쁨","비,구름","menu/Restaurant object (19)/수비드목살덮밥.jpg",19
365,한식,치킨데리야끼덮밥,9900,배고픔,구름,"menu/Restaurant object (19)/치킨데리야끼덮밥.jpg",19
366,한식,불닭덮밥,9900,기쁨,구름,"menu/Restaurant object (19)/불닭덮밥.jpg",19
367,한식,차돌숙주덮밥,9900,"피곤,스트레스",맑음,"menu/Restaurant object (19)/차돌숙주덮밥.jpg",19
368,양식,크림베이컨파스타,8900,"기쁨,적당",맑음,"menu/Restaurant object (19)/크림베이컨파스타.jpg",19
369,양식,토마토베이컨파스타,8900,"기쁨,적당",맑음,"menu/Restaurant object (19)/토마토베이컨파스타.jpg",19
370,양식,크림스테이크파스타,10900,"기쁨,적당",맑음,"menu/Restaurant object (19)/크림스테이크파스타.jpg",19
371,양식,토마토스테이크파스타,10900,"기쁨,적당",맑음,"menu/Restaurant object (19)/토마토스테이크파스타.jpg",19
372,양식,크림쉬림프파스타,10900,"기쁨,적당",맑음,"menu/Restaurant object (19)/크림쉬림프파스타.jpg",19
373,양식,토마토쉬림프파스타,10900,"기쁨,적당",맑음,"menu/Restaurant object (19)/토마토쉬림프파스타.jpg",19
374,양식,불고기김치리조또,10900,"배고픔,기쁨",맑음,"menu/Restaurant object (19)/불고기김치리조또.jpg",19
